<?xml version="1.0"?>
<opencv_storage>
<floatdata type_id="opencv-matrix">
  <rows>1</rows>
  <cols>5</cols>
  <dt>d</dt>
  <data>
    -1.4142320787968593e-01 1.3653537211687128e-01
    2.3364140920620162e-04 -7.0979094331932681e-04
    5.2862628676971979e-01</data></floatdata>
</opencv_storage>
