<?xml version="1.0"?>
<opencv_storage>
<floatdata type_id="opencv-matrix">
  <rows>3</rows>
  <cols>3</cols>
  <dt>d</dt>
  <data>
    6.6307832646902932e+02 0. 3.2000057162544942e+02 0.
    6.6314631274681813e+02 2.2101452038020588e+02 0. 0. 1.</data></floatdata>
</opencv_storage>
