<?xml version="1.0"?>
<opencv_storage>
<floatdata type_id="opencv-matrix">
  <rows>3</rows>
  <cols>2</cols>
  <dt>d</dt>
  <data>
    -9.9994601995440391e-01 -1.0027233334555659e-02
    9.9397044044411201e-03 -9.9948665304191631e-01
    -3.0264589373555535e-03 3.0428358199587453e-02</data></floatdata>
</opencv_storage>
