<?xml version="1.0"?>
<opencv_storage>
<floatdata type_id="opencv-matrix">
  <rows>3</rows>
  <cols>1</cols>
  <dt>d</dt>
  <data>
    8.7586975621611565e+00 5.6084037602421057e+00
    -2.4547305676253256e+01</data></floatdata>
</opencv_storage>
