<?xml version="1.0"?>
<opencv_storage>
<Ret>1.5753449462987058e+02</Ret>
<Original_Matrix type_id="opencv-matrix">
  <rows>3</rows>
  <cols>3</cols>
  <dt>d</dt>
  <data>
    1. 0. -7.1758499174568146e-26 0. 1. -4.3716746180350117e-26 0. 0. 1.</data></Original_Matrix>
<Optimized_Matrix type_id="opencv-matrix">
  <rows>3</rows>
  <cols>3</cols>
  <dt>d</dt>
  <data>
    1.0242658853530884e+00 0. -7.3499783942919396e-26 0.
    9.9358360767364506e-01 -4.3436242775869497e-26 0. 0. 1.</data></Optimized_Matrix>
<Distortion type_id="opencv-matrix">
  <rows>1</rows>
  <cols>5</cols>
  <dt>d</dt>
  <data>
    -4.4800227804188002e-18 -5.2866436866795775e-13
    -1.8988690893036215e-20 -3.0866864500618716e-20
    1.7604569629665968e-18</data></Distortion>
<Rotational_Distortion type_id="opencv-matrix">
  <rows>3</rows>
  <cols>1</cols>
  <dt>d</dt>
  <data>
    -2.1683431346431270e-03 -2.2984125155167800e-03
    6.2464547357556444e-01</data></Rotational_Distortion>
<Translation_Distortion type_id="opencv-matrix">
  <rows>3</rows>
  <cols>1</cols>
  <dt>d</dt>
  <data>
    1.0521914936005142e+01 2.4559439994319714e+00 3.7978791563675132e-02</data></Translation_Distortion>
<ROI type_id="opencv-matrix">
  <rows>4</rows>
  <cols>1</cols>
  <dt>i</dt>
  <data>
    0 0 565 411</data></ROI>
</opencv_storage>
