<?xml version="1.0"?>
<opencv_storage>
<Ret>4.2703888793363689e+01</Ret>
<Original_Matrix type_id="opencv-matrix">
  <rows>3</rows>
  <cols>3</cols>
  <dt>d</dt>
  <data>
    1. 0. -3.3927750067989977e-26 0. 1. -1.7636357905309906e-26 0. 0. 1.</data></Original_Matrix>
<Optimized_Matrix type_id="opencv-matrix">
  <rows>3</rows>
  <cols>3</cols>
  <dt>d</dt>
  <data>
    1.0247741937637329e+00 0. -3.4768281519170912e-26 0.
    1.0024039745330811e+00 -1.7678755695383518e-26 0. 0. 1.</data></Optimized_Matrix>
<Distortion type_id="opencv-matrix">
  <rows>1</rows>
  <cols>5</cols>
  <dt>d</dt>
  <data>
    -1.3769333441322530e-18 -1.2130228826166798e-13
    -5.5292409975516608e-21 -1.1835333312627438e-20
    7.2843011618133004e-19</data></Distortion>
</opencv_storage>
