<?xml version="1.0"?>
<opencv_storage>
<Ret>1.5753675582166912e+02</Ret>
<Original_Matrix type_id="opencv-matrix">
  <rows>3</rows>
  <cols>3</cols>
  <dt>d</dt>
  <data>
    1. 0. -7.1742340296035987e-26 0. 1. -4.3698102088338386e-26 0. 0. 1.</data></Original_Matrix>
<Optimized_Matrix type_id="opencv-matrix">
  <rows>3</rows>
  <cols>3</cols>
  <dt>d</dt>
  <data>
    1.0242620706558228e+00 0. -7.3482956418969178e-26 0.
    9.9358588457107544e-01 -4.3417817762495880e-26 0. 0. 1.</data></Optimized_Matrix>
<Distortion type_id="opencv-matrix">
  <rows>1</rows>
  <cols>5</cols>
  <dt>d</dt>
  <data>
    -4.4787957896491419e-18 -5.2851251500810529e-13
    -1.8980512895847944e-20 -3.0860446816811228e-20
    1.7599862245271121e-18</data></Distortion>
<Rotation_Distortion type_id="opencv-matrix">
  <rows>3</rows>
  <cols>1</cols>
  <dt>d</dt>
  <data>
    -2.1674838201002022e-03 -2.2981416839495277e-03
    6.2453648357642377e-01</data></Rotation_Distortion>
<Translation_Distortion type_id="opencv-matrix">
  <rows>3</rows>
  <cols>1</cols>
  <dt>d</dt>
  <data>
    1.0521066345787499e+01 2.4548215429641944e+00 3.7970590733923136e-02</data></Translation_Distortion>
<ROI type_id="opencv-matrix">
  <rows>4</rows>
  <cols>1</cols>
  <dt>d</dt>
  <data>
    0. 0. 565. 411.</data></ROI>
</opencv_storage>
