<?xml version="1.0"?>
<opencv_storage>
<Ret>1.5754268969778227e+02</Ret>
<Original_Matrix type_id="opencv-matrix">
  <rows>3</rows>
  <cols>3</cols>
  <dt>d</dt>
  <data>
    1. 0. -7.1842525481121701e-26 0. 1. -4.3752630005362145e-26 0. 0. 1.</data></Original_Matrix>
<Optimized_Matrix type_id="opencv-matrix">
  <rows>3</rows>
  <cols>3</cols>
  <dt>d</dt>
  <data>
    1.0242964029312134e+00 0. -7.3588038974928676e-26 0.
    9.9357891082763672e-01 -4.3471689829455485e-26 0. 0. 1.</data></Optimized_Matrix>
<Distortion type_id="opencv-matrix">
  <rows>1</rows>
  <cols>5</cols>
  <dt>d</dt>
  <data>
    -4.4850740534368466e-18 -5.2926541169692688e-13
    -1.9004806869802162e-20 -3.0904496009595755e-20
    1.7626523988636450e-18</data></Distortion>
<Rotation_Distortion type_id="opencv-matrix">
  <rows>3</rows>
  <cols>1</cols>
  <dt>d</dt>
  <data>
    -2.1676693969832749e-03 -2.2985976470079363e-03
    6.2466631066649181e-01</data></Rotation_Distortion>
<Translation_Distortion type_id="opencv-matrix">
  <rows>3</rows>
  <cols>1</cols>
  <dt>d</dt>
  <data>
    1.0521407305568664e+01 2.4539178892889613e+00 3.7970816209534290e-02</data></Translation_Distortion>
<ROI type_id="opencv-matrix">
  <rows>4</rows>
  <cols>1</cols>
  <dt>d</dt>
  <data>
    0. 0. 565. 411.</data></ROI>
</opencv_storage>
