<?xml version="1.0"?>
<opencv_storage>
<Ret>1.0932324112793863e+02</Ret>
<Original_Matrix type_id="opencv-matrix">
  <rows>3</rows>
  <cols>3</cols>
  <dt>d</dt>
  <data>
    1. 0. -3.1890635215971420e-26 0. 1. -2.1805719128565521e-26 0. 0. 1.</data></Original_Matrix>
<Optimized_Matrix type_id="opencv-matrix">
  <rows>3</rows>
  <cols>3</cols>
  <dt>d</dt>
  <data>
    1.0168329238891602e+00 0. -3.2462167902386775e-26 0.
    9.9876413345336912e-01 -2.1780917900901845e-26 0. 0. 1.</data></Optimized_Matrix>
<Distortion type_id="opencv-matrix">
  <rows>1</rows>
  <cols>5</cols>
  <dt>d</dt>
  <data>
    -1.9006445015135949e-18 -2.0672638320987224e-13
    -8.7709336544485876e-21 -1.3282899143414059e-20
    7.9481942369383565e-19</data></Distortion>
<Rotational_Distortion type_id="opencv-matrix">
  <rows>3</rows>
  <cols>1</cols>
  <dt>d</dt>
  <data>
    -2.3299980654180870e-03 -2.5175087068851137e-03
    6.9902205152470231e-01</data></Rotational_Distortion>
<Translation_Distortion type_id="opencv-matrix">
  <rows>3</rows>
  <cols>1</cols>
  <dt>d</dt>
  <data>
    1.5830486860549176e+01 7.6095286185920781e+00 5.3952881311643983e-02</data></Translation_Distortion>
<ROI type_id="opencv-matrix">
  <rows>4</rows>
  <cols>1</cols>
  <dt>i</dt>
  <data>
    0 0 604 445</data></ROI>
</opencv_storage>
