<?xml version="1.0"?>
<opencv_storage>
<Ret>1.2524636324446661e+02</Ret>
<Original_Matrix type_id="opencv-matrix">
  <rows>3</rows>
  <cols>3</cols>
  <dt>d</dt>
  <data>
    1. 0. -1.7473147485540596e-25 0. 1. -7.3521347050105339e-26 0. 0. 1.</data></Original_Matrix>
<Optimized_Matrix type_id="opencv-matrix">
  <rows>3</rows>
  <cols>3</cols>
  <dt>d</dt>
  <data>
    1.0663555860519409e+00 0. -1.8720309737059300e-25 0.
    1.0000967621803283e+00 -7.3539220477858247e-26 0. 0. 1.</data></Optimized_Matrix>
<Distortion type_id="opencv-matrix">
  <rows>1</rows>
  <cols>5</cols>
  <dt>d</dt>
  <data>
    -8.1430532745017681e-18 -8.0447295177997271e-13
    -2.6624265061931086e-20 -6.6579946516636456e-20
    3.5022229647890210e-18</data></Distortion>
<Radial_Distortion type_id="opencv-matrix">
  <rows>20</rows>
  <cols>3</cols>
  <dt>d</dt>
  <data>
    -1.9042120711113876e-03 -2.4104784347413551e-03
    5.8805679713104142e-01 -1.9133776027740682e-03
    -2.4103949457789974e-03 5.8129310137110957e-01
    -1.9180043621230517e-03 -2.4124314003417411e-03
    5.7720242421343482e-01 -1.9043283993231623e-03
    -2.4133110210150938e-03 5.7896525467008986e-01
    -1.9044145789648005e-03 -2.4176627508311170e-03
    5.8028856441324028e-01 -1.9029194823140037e-03
    -2.4182343951925354e-03 5.8051270531059185e-01
    -1.9048719588442883e-03 -2.4179891993723673e-03
    5.8028463413860609e-01 -1.9072589813474146e-03
    -2.4165970775544251e-03 5.7953639823027570e-01
    -1.9091426296641580e-03 -2.4162537454665276e-03
    5.7902084235050588e-01 -1.9121863606299510e-03
    -2.4161046418696248e-03 5.7857294388462266e-01
    -1.9143990248381652e-03 -2.4188447650914111e-03
    5.7911626158746210e-01 -1.9162172359217979e-03
    -2.4223630943861984e-03 5.7979291225374197e-01
    -1.9218466216858107e-03 -2.4246890306882278e-03
    5.8075703953285784e-01 -1.9277137314786647e-03
    -2.4247430984242787e-03 5.8102279694195158e-01
    -1.9317374277658191e-03 -2.4247543117377137e-03
    5.8143141201910364e-01 -1.9313150910642107e-03
    -2.4261251124502018e-03 5.8172171383561921e-01
    -1.9337844424944209e-03 -2.4268925532199468e-03
    5.8202945957058017e-01 -1.9355715875955287e-03
    -2.4285194702464716e-03 5.8243918081120627e-01
    -1.9367629256058002e-03 -2.4310043246704586e-03
    5.8312417377922254e-01 -1.9420677641104969e-03
    -2.4337000544387933e-03 5.8441857194107794e-01</data></Radial_Distortion>
<Tangencial_Distortion type_id="opencv-matrix">
  <rows>20</rows>
  <cols>3</cols>
  <dt>d</dt>
  <data>
    1.1905757569121665e+01 2.1961596591980093e+00 4.0044061183177451e-02
    1.1896576933193597e+01 2.1284240508087722e+00 4.0077674579571086e-02
    1.1847645643098685e+01 2.0410693479125772e+00 3.9999710607648550e-02
    1.1809337923214716e+01 2.0281079488228935e+00 3.9826505539355628e-02
    1.1815827062504097e+01 2.0373886946414519e+00 3.9856205840582928e-02
    1.1818268979409538e+01 2.0406959383141023e+00 3.9854439977628234e-02
    1.1816096535149399e+01 2.0386275682638915e+00 3.9857202152612743e-02
    1.1825207447303143e+01 2.0425605442646591e+00 3.9901818748299692e-02
    1.1838829368071819e+01 2.0439188264956640e+00 3.9952066584840532e-02
    1.1863582366867970e+01 2.0536811049758081e+00 4.0048328135979486e-02
    1.1900996051423988e+01 2.0733263713419339e+00 4.0175168377661330e-02
    1.1949744134837966e+01 2.1073208688245550e+00 4.0327694009279137e-02
    1.1982482459194243e+01 2.1349558534352080e+00 4.0448325963714379e-02
    1.1993275639394128e+01 2.1454966008076166e+00 4.0512740718664821e-02
    1.1995280934777441e+01 2.1462027313786796e+00 4.0543533857228489e-02
    1.1985116701834544e+01 2.1398491269478059e+00 4.0522594540998075e-02
    1.1994488779325840e+01 2.1465322509596536e+00 4.0572808322522851e-02
    1.2011584660763765e+01 2.1616152073670230e+00 4.0642026360829905e-02
    1.2029280766403168e+01 2.1816789242275627e+00 4.0713564967661153e-02
    1.2048303177472063e+01 2.2041553461733625e+00 4.0804213691483217e-02</data></Tangencial_Distortion>
<ROI type_id="opencv-matrix">
  <rows>4</rows>
  <cols>1</cols>
  <dt>i</dt>
  <data>
    0 0 445 313</data></ROI>
</opencv_storage>
