<?xml version="1.0"?>
<opencv_storage>
<Ret>1.2441146451724155e+02</Ret>
<Original_Matrix type_id="opencv-matrix">
  <rows>3</rows>
  <cols>3</cols>
  <dt>d</dt>
  <data>
    1. 0. -2.1706897475882057e-26 0. 1. -1.2211210264288235e-26 0. 0. 1.</data></Original_Matrix>
<Optimized_Matrix type_id="opencv-matrix">
  <rows>3</rows>
  <cols>3</cols>
  <dt>d</dt>
  <data>
    1.0109807729721070e+00 0. -2.1947302974474359e-26 0.
    9.9778680801391606e-01 -1.2184102326257118e-26 0. 0. 1.</data></Optimized_Matrix>
<Distortion type_id="opencv-matrix">
  <rows>1</rows>
  <cols>5</cols>
  <dt>d</dt>
  <data>
    -1.5315659501829320e-18 -1.9135316988732359e-13
    -5.6640603474558668e-21 -1.0574299112340953e-20
    6.4827907825770031e-19</data></Distortion>
<Radial_Distortion type_id="opencv-matrix">
  <rows>20</rows>
  <cols>3</cols>
  <dt>d</dt>
  <data>
    -1.7730504513743430e-03 -2.2676914880239230e-03
    6.6497880321257541e-01 -1.7744491775615943e-03
    -2.2685092761977250e-03 6.6532090713737757e-01
    -1.7753999868003803e-03 -2.2681115378691318e-03
    6.6529846992764829e-01 -1.7784925627497583e-03
    -2.2694536482257164e-03 6.6578372290109289e-01
    -1.7816769771206657e-03 -2.2702382081919389e-03
    6.6608201887253760e-01 -1.7826112587640865e-03
    -2.2706514505413848e-03 6.6640211502040270e-01
    -1.7856780543301022e-03 -2.2710219660238705e-03
    6.6635669749444970e-01 -1.7880328045005421e-03
    -2.2711971988690080e-03 6.6651733600301710e-01
    -1.7881893104569110e-03 -2.2712676016473058e-03
    6.6672216668903883e-01 -1.7868557009295231e-03
    -2.2718057495872707e-03 6.6727133354842660e-01
    -1.7852469225471100e-03 -2.2712994717362413e-03
    6.6694934269904249e-01 -1.7824976889902196e-03
    -2.2702218920731725e-03 6.6652814264876337e-01
    -1.7798594500922798e-03 -2.2696596325922289e-03
    6.6619168636927939e-01 -1.7808084922401018e-03
    -2.2680301909744952e-03 6.6574963898737161e-01
    -1.7811543220234865e-03 -2.2671963320267329e-03
    6.6557844077081207e-01 -1.7742429040158957e-03
    -2.2645699744806127e-03 6.6540727288966406e-01
    -1.7657982568024030e-03 -2.2618759506900952e-03
    6.6522171871219871e-01 -1.7656905614271425e-03
    -2.2606688969549920e-03 6.6563099154705374e-01
    -1.7677081259184803e-03 -2.2594405612114468e-03
    6.6553721748068229e-01 -1.7649206746250799e-03
    -2.2597054285771316e-03 6.6576378249133883e-01</data></Radial_Distortion>
<Tangencial_Distortion type_id="opencv-matrix">
  <rows>20</rows>
  <cols>3</cols>
  <dt>d</dt>
  <data>
    1.3860836785083242e+01 4.8960913239189541e+00 4.2072192274709395e-02
    1.3853819091870994e+01 4.8996437628210279e+00 4.2078507550268984e-02
    1.3846590134739449e+01 4.9049438273262975e+00 4.2083389130559819e-02
    1.3848795211483013e+01 4.9175155069267174e+00 4.2117490623828316e-02
    1.3855808115844003e+01 4.9336034371713655e+00 4.2165158942116393e-02
    1.3855598051839355e+01 4.9384473293775475e+00 4.2179946202292283e-02
    1.3860089790098822e+01 4.9512444660109676e+00 4.2220350188416134e-02
    1.3868950014586343e+01 4.9631797502171722e+00 4.2257313703077268e-02
    1.3872143807133998e+01 4.9672125048137943e+00 4.2260121700212247e-02
    1.3868451610899587e+01 4.9618138117165218e+00 4.2233562489411944e-02
    1.3862310338066195e+01 4.9544907859230829e+00 4.2206096059733224e-02
    1.3853363335188551e+01 4.9386400932986518e+00 4.2160524268664158e-02
    1.3847051868101705e+01 4.9239096655459580e+00 4.2118160757431945e-02
    1.3854979954802928e+01 4.9277544828026354e+00 4.2131510573659138e-02
    1.3871394059730704e+01 4.9360837040003487e+00 4.2147880811276572e-02
    1.3869588346294412e+01 4.9213818714060036e+00 4.2066090238308380e-02
    1.3860297294464450e+01 4.9066490482552707e+00 4.1961661978263315e-02
    1.3876158200743706e+01 4.9239012776294731e+00 4.1983150588126253e-02
    1.3898751754342339e+01 4.9465908996015546e+00 4.2044935681351189e-02
    1.3902608480766560e+01 4.9489970258202263e+00 4.2033481528748994e-02</data></Tangencial_Distortion>
<ROI type_id="opencv-matrix">
  <rows>4</rows>
  <cols>1</cols>
  <dt>i</dt>
  <data>
    0 0 610 452</data></ROI>
</opencv_storage>
