<?xml version="1.0"?>
<opencv_storage>
<Ret>4.4612204911136779e+01</Ret>
<Original_Matrix type_id="opencv-matrix">
  <rows>3</rows>
  <cols>3</cols>
  <dt>d</dt>
  <data>
    1. 0. -5.2718056745704230e-26 0. 1. -2.6081911383657108e-26 0. 0. 1.</data></Original_Matrix>
<Optimized_Matrix type_id="opencv-matrix">
  <rows>3</rows>
  <cols>3</cols>
  <dt>d</dt>
  <data>
    1.0345715284347534e+00 0. -5.4540602052088005e-26 0.
    1.0037258863449097e+00 -2.6179089129745471e-26 0. 0. 1.</data></Optimized_Matrix>
<Distortion type_id="opencv-matrix">
  <rows>1</rows>
  <cols>5</cols>
  <dt>d</dt>
  <data>
    -2.0270713927623801e-18 -1.7308086346083591e-13
    -7.8736663044576595e-21 -1.7884425395190121e-20
    1.0683407776468346e-18</data></Distortion>
</opencv_storage>
