<?xml version="1.0"?>
<opencv_storage>
<Ret>1.0839683123298934e+02</Ret>
<Original_Matrix type_id="opencv-matrix">
  <rows>3</rows>
  <cols>3</cols>
  <dt>d</dt>
  <data>
    1. 0. -2.8501331710987344e-26 0. 1. -2.0024271928861793e-26 0. 0. 1.</data></Original_Matrix>
<Optimized_Matrix type_id="opencv-matrix">
  <rows>3</rows>
  <cols>3</cols>
  <dt>d</dt>
  <data>
    1.0155515670776367e+00 0. -2.8944572257549279e-26 0.
    9.9869066476821899e-01 -1.9998054169129419e-26 0. 0. 1.</data></Optimized_Matrix>
<Distortion type_id="opencv-matrix">
  <rows>1</rows>
  <cols>5</cols>
  <dt>d</dt>
  <data>
    -1.7699609589013056e-18 -1.9572272794360118e-13
    -8.2860913649096545e-21 -1.2163865007712873e-20
    7.4105067913328592e-19</data></Distortion>
<Rotation_Distortion type_id="opencv-matrix">
  <rows>3</rows>
  <cols>1</cols>
  <dt>d</dt>
  <data>
    -2.5489709602743910e-03 -2.5824798025521917e-03
    7.1120143925303725e-01</data></Rotation_Distortion>
<Translation_Distortion type_id="opencv-matrix">
  <rows>3</rows>
  <cols>1</cols>
  <dt>d</dt>
  <data>
    1.6461499418455066e+01 8.6887952110702802e+00 5.7781766062460757e-02</data></Translation_Distortion>
<ROI type_id="opencv-matrix">
  <rows>4</rows>
  <cols>1</cols>
  <dt>d</dt>
  <data>
    0. 0. 607. 447.</data></ROI>
</opencv_storage>
