<?xml version="1.0"?>
<opencv_storage>
<Ret>1.0618973300120753e+02</Ret>
<Original_Matrix type_id="opencv-matrix">
  <rows>3</rows>
  <cols>3</cols>
  <dt>d</dt>
  <data>
    1. 0. -4.7172721714383920e-26 0. 1. -3.4986149093662095e-26 0. 0. 1.</data></Original_Matrix>
<Optimized_Matrix type_id="opencv-matrix">
  <rows>3</rows>
  <cols>3</cols>
  <dt>d</dt>
  <data>
    1.0229347944259644e+00 0. -4.8254617056420115e-26 0.
    9.9946874380111694e-01 -3.4967564018990593e-26 0. 0. 1.</data></Optimized_Matrix>
<Distortion type_id="opencv-matrix">
  <rows>1</rows>
  <cols>5</cols>
  <dt>d</dt>
  <data>
    -2.4478187946573175e-18 -2.3891102573132008e-13
    -1.2717432751948450e-20 -1.7341462391928333e-20
    9.9254302059104005e-19</data></Distortion>
<Rotation_Distortion type_id="opencv-matrix">
  <rows>3</rows>
  <cols>1</cols>
  <dt>d</dt>
  <data>
    -2.3865249827450222e-03 -2.5659257935901070e-03
    6.9204309671182218e-01</data></Rotation_Distortion>
<Translation_Distortion type_id="opencv-matrix">
  <rows>3</rows>
  <cols>1</cols>
  <dt>d</dt>
  <data>
    1.5786483916302116e+01 7.3825662304872282e+00 5.4914488290300441e-02</data></Translation_Distortion>
<ROI type_id="opencv-matrix">
  <rows>4</rows>
  <cols>1</cols>
  <dt>d</dt>
  <data>
    0. 0. 597. 438.</data></ROI>
</opencv_storage>
