<?xml version="1.0"?>
<opencv_storage>
<Ret>1.2143336104145928e+02</Ret>
<Original_Matrix type_id="opencv-matrix">
  <rows>3</rows>
  <cols>3</cols>
  <dt>d</dt>
  <data>
    1. 0. -1.5190516169994888e-25 0. 1. -7.0464671157998870e-26 0. 0. 1.</data></Original_Matrix>
<Optimized_Matrix type_id="opencv-matrix">
  <rows>3</rows>
  <cols>3</cols>
  <dt>d</dt>
  <data>
    1.0580836534500122e+00 0. -1.6072837052963409e-25 0.
    9.9988079071044922e-01 -7.0456273677455586e-26 0. 0. 1.</data></Optimized_Matrix>
<Distortion type_id="opencv-matrix">
  <rows>1</rows>
  <cols>5</cols>
  <dt>d</dt>
  <data>
    -7.1544724974961804e-18 -7.0649677627013919e-13
    -2.5667955087120532e-20 -5.7599841342645687e-20
    3.0559201190015499e-18</data></Distortion>
<Radial_Distortion type_id="opencv-matrix">
  <rows>20</rows>
  <cols>3</cols>
  <dt>d</dt>
  <data>
    -2.0391562312591987e-03 -2.4503523297695492e-03
    5.8961648419397450e-01 -2.0373204820907584e-03
    -2.4508552661730390e-03 5.8963088566263755e-01
    -2.0362334430371913e-03 -2.4486138518637172e-03
    5.8923081484260953e-01 -2.0387259024227397e-03
    -2.4493550931468477e-03 5.8941529360480593e-01
    -2.0393273247310533e-03 -2.4499611086202127e-03
    5.8991897766688706e-01 -2.0408740446453129e-03
    -2.4502773855801553e-03 5.9048247670340037e-01
    -2.0456533863187683e-03 -2.4495680217074814e-03
    5.8984766429454505e-01 -2.0483716570647041e-03
    -2.4507619323711773e-03 5.9026929003750861e-01
    -2.0531795635845809e-03 -2.4519059785505035e-03
    5.9068858334394647e-01 -2.0589049911617597e-03
    -2.4547825155791432e-03 5.9103496920843879e-01
    -2.0594502267176911e-03 -2.4569834009895318e-03
    5.9167828014636614e-01 -2.0625536678981859e-03
    -2.4591095404886349e-03 5.9235005294169862e-01
    -2.0700365356954480e-03 -2.4598404572284925e-03
    5.9323886580724472e-01 -2.0749812013753375e-03
    -2.4600756490513946e-03 5.9283905028446926e-01
    -2.0762007324133659e-03 -2.4609176583688433e-03
    5.9279612125750503e-01 -2.0784619585741682e-03
    -2.4606710859153501e-03 5.9282095649191446e-01
    -2.0791998579406893e-03 -2.4606190235461384e-03
    5.9301566568135045e-01 -2.0729503043651989e-03
    -2.4580672964902794e-03 5.9170996638235052e-01
    -2.0696609702536622e-03 -2.4602485970710306e-03
    5.9235028253810595e-01 -2.0646650787690987e-03
    -2.4599817422571667e-03 5.9195731897244430e-01</data></Radial_Distortion>
<Tangencial_Distortion type_id="opencv-matrix">
  <rows>20</rows>
  <cols>3</cols>
  <dt>d</dt>
  <data>
    1.2462940690132491e+01 2.6111133076286310e+00 4.2566629359296983e-02
    1.2474388868008466e+01 2.6124646898336068e+00 4.2569952897910678e-02
    1.2488304454447713e+01 2.6204627995040859e+00 4.2593750400443067e-02
    1.2503517288970649e+01 2.6277449157208008e+00 4.2638218420785891e-02
    1.2497958881850881e+01 2.6285066949739582e+00 4.2633543325133270e-02
    1.2497022504261128e+01 2.6375456277824019e+00 4.2646768357797495e-02
    1.2502733735886585e+01 2.6525187036053888e+00 4.2712656312507327e-02
    1.2500327880415274e+01 2.6603156700579400e+00 4.2734165473229106e-02
    1.2513471341789048e+01 2.6760816558845657e+00 4.2798509169731935e-02
    1.2527817951086371e+01 2.6943257125644977e+00 4.2887364188099214e-02
    1.2529723238776022e+01 2.7070468708913213e+00 4.2917800802513201e-02
    1.2522114099303380e+01 2.7162542822875588e+00 4.2944617187143819e-02
    1.2522757015802785e+01 2.7278844569175376e+00 4.3007380918482545e-02
    1.2525524102114586e+01 2.7419633936400625e+00 4.3067090848543058e-02
    1.2528616869986983e+01 2.7490339227671630e+00 4.3095210281224164e-02
    1.2529372374458454e+01 2.7478934394425769e+00 4.3103665331398255e-02
    1.2547727057368663e+01 2.7517240359224280e+00 4.3140124355987665e-02
    1.2541628554540086e+01 2.7410474755819041e+00 4.3084689834273507e-02
    1.2550979079059301e+01 2.7322561638175027e+00 4.3069221486988697e-02
    1.2547504917822513e+01 2.7220423777825742e+00 4.3023594427497334e-02</data></Tangencial_Distortion>
<ROI type_id="opencv-matrix">
  <rows>4</rows>
  <cols>1</cols>
  <dt>d</dt>
  <data>
    0. 0. 466. 330.</data></ROI>
</opencv_storage>
