<?xml version="1.0"?>
<opencv_storage>
<Ret>1.2670832497532533e+02</Ret>
<Original_Matrix type_id="opencv-matrix">
  <rows>3</rows>
  <cols>3</cols>
  <dt>d</dt>
  <data>
    1. 0. -1.3135111467989358e-25 0. 1. -5.8589856690010274e-26 0. 0. 1.</data></Original_Matrix>
<Optimized_Matrix type_id="opencv-matrix">
  <rows>3</rows>
  <cols>3</cols>
  <dt>d</dt>
  <data>
    1.0510967969894409e+00 0. -1.3806273022910250e-25 0.
    9.9855858087539673e-01 -5.8505405528288885e-26 0. 0. 1.</data></Optimized_Matrix>
<Distortion type_id="opencv-matrix">
  <rows>1</rows>
  <cols>5</cols>
  <dt>d</dt>
  <data>
    -6.4938858524903613e-18 -6.6590841004673804e-13
    -2.2134878379238953e-20 -5.1632769970679412e-20
    2.7650653635377907e-18</data></Distortion>
<Radial_Distortion type_id="opencv-matrix">
  <rows>20</rows>
  <cols>3</cols>
  <dt>d</dt>
  <data>
    -2.0445582596814020e-03 -2.3771135539793712e-03
    5.8136095482568095e-01 -2.0166903515033861e-03
    -2.3722778108433073e-03 5.7825890225754961e-01
    -1.9820839949015361e-03 -2.3683214357587408e-03
    5.7782103838022458e-01 -1.9425470488035139e-03
    -2.3754545741767425e-03 5.8119827389314038e-01
    -1.9271229705019562e-03 -2.3865493316924990e-03
    5.8530900099962169e-01 -1.9223470083103069e-03
    -2.3940340628533221e-03 5.8824678937725117e-01
    -1.9297664392922507e-03 -2.3946226761949359e-03
    5.8580205278716391e-01 -1.9316307151980949e-03
    -2.3911085922313563e-03 5.8120514541671520e-01
    -1.9223834010728700e-03 -2.3861826279938368e-03
    5.7700507405194168e-01 -1.9179908018457546e-03
    -2.3807594906389892e-03 5.7341950586841395e-01
    -1.9131980398349698e-03 -2.3893463640320190e-03
    5.7371058080064885e-01 -1.9043127628620910e-03
    -2.4016841800295662e-03 5.7571289259996838e-01
    -1.9079186471498122e-03 -2.4098730087768771e-03
    5.7776757027582104e-01 -1.9262354456147910e-03
    -2.4046925455635621e-03 5.7883216466158627e-01
    -1.9418345313959181e-03 -2.4002645110978021e-03
    5.7928817357738904e-01 -1.9423328593950184e-03
    -2.4035800075571765e-03 5.7879045584478495e-01
    -1.9522846467120163e-03 -2.4037887660527720e-03
    5.7849198635322230e-01 -1.9616796119318013e-03
    -2.4061364469267557e-03 5.7880674137606902e-01
    -1.9669996244728650e-03 -2.4077354060220344e-03
    5.7893034530308518e-01 -1.9684017247473119e-03
    -2.4121947733685939e-03 5.7908649625933917e-01</data></Radial_Distortion>
<Tangencial_Distortion type_id="opencv-matrix">
  <rows>20</rows>
  <cols>3</cols>
  <dt>d</dt>
  <data>
    1.2017334840881920e+01 2.4488498767560762e+00 4.0861359641516319e-02
    1.1912925696875325e+01 2.3418611917652377e+00 4.0388209218639053e-02
    1.1766959000638035e+01 2.2047776297496133e+00 3.9763253232138890e-02
    1.1621267085778095e+01 2.0883491787898310e+00 3.9150195339092558e-02
    1.1597586999675878e+01 2.0751630004522257e+00 3.9006651777061307e-02
    1.1629099808920300e+01 2.0841408175738323e+00 3.9047303626181834e-02
    1.1616386541239091e+01 2.0593058242468429e+00 3.9061403132282499e-02
    1.1654534271892929e+01 2.0521618386407772e+00 3.9209468444263339e-02
    1.1681821344348442e+01 1.9978721296434367e+00 3.9239018455137248e-02
    1.1765274137824555e+01 1.9842970020597523e+00 3.9472318174580807e-02
    1.1909855515084011e+01 2.0217203777213339e+00 3.9871685670293103e-02
    1.2110527965581650e+01 2.1267629697427481e+00 4.0370419611568086e-02
    1.2220422353141331e+01 2.1999381817132870e+00 4.0657120221804746e-02
    1.2224233131040521e+01 2.1956736705458972e+00 4.0721842030358918e-02
    1.2209036519670430e+01 2.1841729950785180e+00 4.0744185058597351e-02
    1.2162003193702706e+01 2.1630879751896437e+00 4.0633185627484157e-02
    1.2187548606009081e+01 2.1887833925820774e+00 4.0780614166070421e-02
    1.2250824554155692e+01 2.2441961403355903e+00 4.1044621657675688e-02
    1.2289790258024551e+01 2.2801819565611559e+00 4.1225046647363026e-02
    1.2289810800513514e+01 2.2813302829781352e+00 4.1270296964731883e-02</data></Tangencial_Distortion>
<ROI type_id="opencv-matrix">
  <rows>4</rows>
  <cols>1</cols>
  <dt>d</dt>
  <data>
    0. 0. 488. 348.</data></ROI>
</opencv_storage>
