<?xml version="1.0"?>
<opencv_storage>
<Ret>1.2437120364150321e+02</Ret>
<Original_Matrix type_id="opencv-matrix">
  <rows>3</rows>
  <cols>3</cols>
  <dt>d</dt>
  <data>
    1. 0. -2.2226684848880765e-26 0. 1. -1.2541087973968406e-26 0. 0. 1.</data></Original_Matrix>
<Optimized_Matrix type_id="opencv-matrix">
  <rows>3</rows>
  <cols>3</cols>
  <dt>d</dt>
  <data>
    1.0112335681915283e+00 0. -2.2476369455553926e-26 0.
    9.9778848886489868e-01 -1.2513353277869256e-26 0. 0. 1.</data></Optimized_Matrix>
<Distortion type_id="opencv-matrix">
  <rows>1</rows>
  <cols>5</cols>
  <dt>d</dt>
  <data>
    -1.5571111498920043e-18 -1.9359925703475664e-13
    -5.7897074454736629e-21 -1.0768303871859035e-20
    6.5812850596488848e-19</data></Distortion>
<Radial_Distortion type_id="opencv-matrix">
  <rows>20</rows>
  <cols>3</cols>
  <dt>d</dt>
  <data>
    -1.8119091958056811e-03 -2.2820265597409658e-03
    6.6692284133861413e-01 -1.8052774596363666e-03
    -2.2794209123851599e-03 6.6782338502115590e-01
    -1.8002879369431349e-03 -2.2781650475225575e-03
    6.6787976955347672e-01 -1.8004542628521658e-03
    -2.2773202759562463e-03 6.6777870593007238e-01
    -1.8029381802999094e-03 -2.2766518814264633e-03
    6.6702762292566631e-01 -1.8020487014605753e-03
    -2.2760907437274708e-03 6.6649253916222506e-01
    -1.8011182770724422e-03 -2.2759760549730889e-03
    6.6587307899788128e-01 -1.8028404584949178e-03
    -2.2765485617932428e-03 6.6490523772794641e-01
    -1.8034217038662159e-03 -2.2774678535668635e-03
    6.6432215789359184e-01 -1.7984853034347264e-03
    -2.2777788442596850e-03 6.6374958331396150e-01
    -1.7988471725994279e-03 -2.2786645876336788e-03
    6.6326928590167900e-01 -1.7980547740522278e-03
    -2.2777069583574151e-03 6.6284721645615141e-01
    -1.7935397653892533e-03 -2.2779466964311691e-03
    6.6329762035485340e-01 -1.7867863863742029e-03
    -2.2735578351545001e-03 6.6311299773849064e-01
    -1.7797553880827069e-03 -2.2723463008593016e-03
    6.6417695688432554e-01 -1.7728059910538227e-03
    -2.2696375542990001e-03 6.6486226160385409e-01
    -1.7648349686374258e-03 -2.2672121327143432e-03
    6.6586635826341045e-01 -1.7627813829256341e-03
    -2.2648091187768065e-03 6.6633531085371478e-01
    -1.7607930811152893e-03 -2.2618791652722309e-03
    6.6602614747138078e-01 -1.7597249925734382e-03
    -2.2602846462690456e-03 6.6611924735356254e-01</data></Radial_Distortion>
<Tangencial_Distortion type_id="opencv-matrix">
  <rows>20</rows>
  <cols>3</cols>
  <dt>d</dt>
  <data>
    1.3885382614369529e+01 4.9886133447446648e+00 4.2509777147722978e-02
    1.3889162354171317e+01 4.9942259184357196e+00 4.2445139584661978e-02
    1.3880369651679562e+01 4.9914429089552783e+00 4.2385883117702465e-02
    1.3873302012426446e+01 4.9912324351304198e+00 4.2379876255828987e-02
    1.3869644903285058e+01 4.9932378670664521e+00 4.2406079580483223e-02
    1.3856366482447305e+01 4.9795851698644640e+00 4.2389224188628526e-02
    1.3834641796591850e+01 4.9582455175927027e+00 4.2353172122035217e-02
    1.3826094095108511e+01 4.9427186760727944e+00 4.2360576088177296e-02
    1.3832575828755099e+01 4.9291166236228969e+00 4.2388173398157931e-02
    1.3809667029626588e+01 4.8910184835429895e+00 4.2304813888689043e-02
    1.3812453989287190e+01 4.8786822333451028e+00 4.2316556826703024e-02
    1.3812062958754650e+01 4.8609447344632253e+00 4.2293599155913401e-02
    1.3823802019279370e+01 4.8498848510177535e+00 4.2244414078523036e-02
    1.3832616728211184e+01 4.8462817751597074e+00 4.2170687873974225e-02
    1.3839445748571420e+01 4.8515795693595116e+00 4.2087656391951708e-02
    1.3845597155456154e+01 4.8646646100383695e+00 4.2026099222809234e-02
    1.3841401413810184e+01 4.8688972849357972e+00 4.1940766485312468e-02
    1.3848120763363639e+01 4.8884090602153130e+00 4.1929825227795689e-02
    1.3855283572440037e+01 4.9049457198312245e+00 4.1929864496123591e-02
    1.3868940739781976e+01 4.9290958047735209e+00 4.1953373423628836e-02</data></Tangencial_Distortion>
<ROI type_id="opencv-matrix">
  <rows>4</rows>
  <cols>1</cols>
  <dt>d</dt>
  <data>
    0. 0. 610. 452.</data></ROI>
</opencv_storage>
