<?xml version="1.0"?>
<opencv_storage>
<Ret>4.4610328225037691e+01</Ret>
<Original_Matrix type_id="opencv-matrix">
  <rows>3</rows>
  <cols>3</cols>
  <dt>d</dt>
  <data>
    1. 0. -5.2432502021879933e-26 0. 1. -2.5946892390795043e-26 0. 0. 1.</data></Original_Matrix>
<Optimized_Matrix type_id="opencv-matrix">
  <rows>3</rows>
  <cols>3</cols>
  <dt>d</dt>
  <data>
    1.0344204902648926e+00 0. -5.4237255337147930e-26 0.
    1.0037059783935547e+00 -2.6043051042474392e-26 0. 0. 1.</data></Optimized_Matrix>
<Distortion type_id="opencv-matrix">
  <rows>1</rows>
  <cols>5</cols>
  <dt>d</dt>
  <data>
    -2.0162792509985719e-18 -1.7216586075498429e-13
    -7.8333396450787281e-21 -1.7788177332772806e-20
    1.0626092270519817e-18</data></Distortion>
<Rotation_Distortion type_id="opencv-matrix">
  <rows>3</rows>
  <cols>1</cols>
  <dt>d</dt>
  <data>
    -2.0681893744940623e-03 -2.7692790530755270e-03
    6.7462468039418255e-01</data></Rotation_Distortion>
<Translation_Distortion type_id="opencv-matrix">
  <rows>3</rows>
  <cols>1</cols>
  <dt>d</dt>
  <data>
    3.1783170502701431e+01 1.6542816802637518e+01 1.0323996343988988e-01</data></Translation_Distortion>
<ROI type_id="opencv-matrix">
  <rows>4</rows>
  <cols>1</cols>
  <dt>d</dt>
  <data>
    0. 0. 590. 430.</data></ROI>
</opencv_storage>
