<?xml version="1.0"?>
<opencv_storage>
<Ret>1.2081891818609078e+02</Ret>
<Original_Matrix type_id="opencv-matrix">
  <rows>3</rows>
  <cols>3</cols>
  <dt>d</dt>
  <data>
    1. 0. -1.5327217253653708e-25 0. 1. -7.1359260202216727e-26 0. 0. 1.</data></Original_Matrix>
<Optimized_Matrix type_id="opencv-matrix">
  <rows>3</rows>
  <cols>3</cols>
  <dt>d</dt>
  <data>
    1.0585486888885498e+00 0. -1.6224605810481923e-25 0.
    1.0001224279403687e+00 -7.1367996843882785e-26 0. 0. 1.</data></Optimized_Matrix>
<Distortion type_id="opencv-matrix">
  <rows>1</rows>
  <cols>5</cols>
  <dt>d</dt>
  <data>
    -7.1529248975735174e-18 -7.0150045265400591e-13
    -2.5816809970989481e-20 -5.7756366606795602e-20
    3.0554695626095623e-18</data></Distortion>
<Radial_Distortion type_id="opencv-matrix">
  <rows>20</rows>
  <cols>3</cols>
  <dt>d</dt>
  <data>
    -2.0616975091939586e-03 -2.4671884493971431e-03
    5.9376388458224916e-01 -2.0700984091615729e-03
    -2.4662989928334635e-03 5.9343505845454458e-01
    -2.0763044680315278e-03 -2.4669187084306967e-03
    5.9385678594605240e-01 -2.0759204772200822e-03
    -2.4671588778001044e-03 5.9424888841898482e-01
    -2.0739184654555974e-03 -2.4682674206755848e-03
    5.9431769290949310e-01 -2.0645670660451323e-03
    -2.4670824488591636e-03 5.9330099761985655e-01
    -2.0583624706907969e-03 -2.4665914708832237e-03
    5.9385748085748680e-01 -2.0561248417886599e-03
    -2.4660715820751678e-03 5.9403729867773536e-01
    -2.0511453664230307e-03 -2.4653880342451989e-03
    5.9377949221257353e-01 -2.0502487250367595e-03
    -2.4646155810149522e-03 5.9366751192353784e-01
    -2.0493772902730445e-03 -2.4639888513887502e-03
    5.9343936855367341e-01 -2.0495755184649178e-03
    -2.4649165948674025e-03 5.9350948490552702e-01
    -2.0493876582664892e-03 -2.4636641203349416e-03
    5.9329333469650547e-01 -2.0475435621879622e-03
    -2.4646943554308249e-03 5.9264964178790602e-01
    -2.0469962829679470e-03 -2.4655327806598461e-03
    5.9298610146148734e-01 -2.0453285959064109e-03
    -2.4633578502858211e-03 5.9308603292296669e-01
    -2.0428831300200977e-03 -2.4617886664053449e-03
    5.9320115569750287e-01 -2.0430146933997015e-03
    -2.4637035572112804e-03 5.9357237433523535e-01
    -2.0407907651586333e-03 -2.4640864311131390e-03
    5.9268625070426906e-01 -2.0447046119314092e-03
    -2.4661617925280468e-03 5.9335668369968653e-01</data></Radial_Distortion>
<Tangencial_Distortion type_id="opencv-matrix">
  <rows>20</rows>
  <cols>3</cols>
  <dt>d</dt>
  <data>
    1.2531870274765323e+01 2.7396761186940579e+00 4.3057308529906087e-02
    1.2547244388865352e+01 2.7593756325175698e+00 4.3155789487126700e-02
    1.2564867149388974e+01 2.7744369998910239e+00 4.3232877454641987e-02
    1.2570092386015782e+01 2.7785184041067583e+00 4.3240354465992115e-02
    1.2574743502709808e+01 2.7760694580785046e+00 4.3242174695187381e-02
    1.2547304963605797e+01 2.7551364132489038e+00 4.3131854977641278e-02
    1.2518500534720344e+01 2.7260734025370650e+00 4.3012637084380016e-02
    1.2506786877305171e+01 2.7105455762274699e+00 4.2959839771492286e-02
    1.2499151541568910e+01 2.7058283571198145e+00 4.2914540995344773e-02
    1.2498973385594079e+01 2.7049478762646926e+00 4.2907531232329661e-02
    1.2506064164515589e+01 2.7049233268358011e+00 4.2913824473338635e-02
    1.2512181601693779e+01 2.7039686072511420e+00 4.2920143861489547e-02
    1.2516442998439691e+01 2.7044772533427710e+00 4.2929678148986801e-02
    1.2524272663909217e+01 2.7049241878295289e+00 4.2940031491790785e-02
    1.2533910274597904e+01 2.7033780711590043e+00 4.2954819097226954e-02
    1.2529302350882352e+01 2.6983919234269780e+00 4.2928767173458740e-02
    1.2518413073862707e+01 2.6906645668085307e+00 4.2886911781751962e-02
    1.2509032652209040e+01 2.6858088922007060e+00 4.2857737459203522e-02
    1.2499664756131111e+01 2.6895799876389090e+00 4.2840076073753723e-02
    1.2501770967132806e+01 2.6955901177768498e+00 4.2876549588895391e-02</data></Tangencial_Distortion>
<ROI type_id="opencv-matrix">
  <rows>4</rows>
  <cols>1</cols>
  <dt>d</dt>
  <data>
    0. 0. 466. 330.</data></ROI>
</opencv_storage>
