<?xml version="1.0"?>
<opencv_storage>
<Ret>4.4611839354208193e+01</Ret>
<Original_Matrix type_id="opencv-matrix">
  <rows>3</rows>
  <cols>3</cols>
  <dt>d</dt>
  <data>
    1. 0. -5.2820838469389840e-26 0. 1. -2.6131660242227285e-26 0. 0. 1.</data></Original_Matrix>
<Optimized_Matrix type_id="opencv-matrix">
  <rows>3</rows>
  <cols>3</cols>
  <dt>d</dt>
  <data>
    1.0346255302429199e+00 0. -5.4649787680528554e-26 0.
    1.0037332773208618e+00 -2.6229218255715105e-26 0. 0. 1.</data></Optimized_Matrix>
<Distortion type_id="opencv-matrix">
  <rows>1</rows>
  <cols>5</cols>
  <dt>d</dt>
  <data>
    -2.0308780717257600e-18 -1.7339874002266603e-13
    -7.8882734150501525e-21 -1.7918584244488163e-20
    1.0703694758714772e-18</data></Distortion>
<Rotation_Distortion type_id="opencv-matrix">
  <rows>3</rows>
  <cols>1</cols>
  <dt>d</dt>
  <data>
    -2.0677075962674631e-03 -2.7686491999656757e-03
    6.7497453190595047e-01</data></Rotation_Distortion>
<Translation_Distortion type_id="opencv-matrix">
  <rows>3</rows>
  <cols>1</cols>
  <dt>d</dt>
  <data>
    3.1774684067277160e+01 1.6529683943593451e+01 1.0320672734256769e-01</data></Translation_Distortion>
<ROI type_id="opencv-matrix">
  <rows>4</rows>
  <cols>1</cols>
  <dt>d</dt>
  <data>
    0. 0. 590. 429.</data></ROI>
</opencv_storage>
