<?xml version="1.0"?>
<opencv_storage>
<Ret>1.2409992174235670e+02</Ret>
<Original_Matrix type_id="opencv-matrix">
  <rows>3</rows>
  <cols>3</cols>
  <dt>d</dt>
  <data>
    1. 0. -2.1452204181088304e-26 0. 1. -1.2049804385662976e-26 0. 0. 1.</data></Original_Matrix>
<Optimized_Matrix type_id="opencv-matrix">
  <rows>3</rows>
  <cols>3</cols>
  <dt>d</dt>
  <data>
    1.0108965635299683e+00 0. -2.1685960191956443e-26 0.
    9.9781203269958496e-01 -1.2023439527574291e-26 0. 0. 1.</data></Optimized_Matrix>
<Distortion type_id="opencv-matrix">
  <rows>1</rows>
  <cols>5</cols>
  <dt>d</dt>
  <data>
    -1.5146174239377256e-18 -1.8931556382288675e-13
    -5.5910220103530035e-21 -1.0461004617917404e-20
    6.4153631838965729e-19</data></Distortion>
<Radial_Distortion type_id="opencv-matrix">
  <rows>20</rows>
  <cols>3</cols>
  <dt>d</dt>
  <data>
    -1.7652001028891549e-03 -2.2614600500288741e-03
    6.6378257601297819e-01 -1.7619128587456365e-03
    -2.2611851072078196e-03 6.6302553880812720e-01
    -1.7580667578197199e-03 -2.2605529618734636e-03
    6.6330588430263937e-01 -1.7540555845599118e-03
    -2.2610737205686457e-03 6.6410431364760625e-01
    -1.7601917855922943e-03 -2.2610738793660858e-03
    6.6519316273736606e-01 -1.7598176941084319e-03
    -2.2617671085860620e-03 6.6634407786864436e-01
    -1.7521664913542007e-03 -2.2595267804611566e-03
    6.6663427631740402e-01 -1.7583907292682229e-03
    -2.2612799249618017e-03 6.6774357520890271e-01
    -1.7654292645666852e-03 -2.2635737821593092e-03
    6.6850260180772081e-01 -1.7638093253775520e-03
    -2.2658677165523621e-03 6.6917382755007793e-01
    -1.7671222591247957e-03 -2.2659427116331781e-03
    6.6761299546260255e-01 -1.7697084904096476e-03
    -2.2669953565081433e-03 6.6644356591902987e-01
    -1.7730913121320154e-03 -2.2676552538473693e-03
    6.6493014606920031e-01 -1.7809552396752962e-03
    -2.2700161138851584e-03 6.6405594108664279e-01
    -1.7884607302312602e-03 -2.2715214182607996e-03
    6.6353041255693024e-01 -1.7846052543590318e-03
    -2.2720850832433402e-03 6.6388919808218982e-01
    -1.7861401238001605e-03 -2.2721516078446145e-03
    6.6463245545542315e-01 -1.7957821091591165e-03
    -2.2734291210339012e-03 6.6600734961680153e-01
    -1.8043310624942664e-03 -2.2758069007729051e-03
    6.6723946051770044e-01 -1.8075770169007153e-03
    -2.2784176935878382e-03 6.6856615291642907e-01</data></Radial_Distortion>
<Tangencial_Distortion type_id="opencv-matrix">
  <rows>20</rows>
  <cols>3</cols>
  <dt>d</dt>
  <data>
    1.3930794718146469e+01 4.9132572311873721e+00 4.2132431825076797e-02
    1.3906517575564035e+01 4.8811932980745532e+00 4.2058283612409458e-02
    1.3902320457225802e+01 4.8712509445589545e+00 4.2007968364804429e-02
    1.3908388100637849e+01 4.8826234377395750e+00 4.1975198268927282e-02
    1.3957009195911159e+01 4.9382143245090440e+00 4.2110580510114626e-02
    1.3989720967352840e+01 4.9648101422663906e+00 4.2157440737194969e-02
    1.3970753285426419e+01 4.9572964687335732e+00 4.2049011733723184e-02
    1.3988410060228649e+01 4.9986065687625247e+00 4.2142775831750218e-02
    1.3996350566983937e+01 5.0231950650458375e+00 4.2224096365804910e-02
    1.3957254318914321e+01 4.9912471672724203e+00 4.2134839450098958e-02
    1.3920675303848475e+01 4.9703274829217738e+00 4.2113098218550866e-02
    1.3877355881654383e+01 4.9379209873677619e+00 4.2074023138931028e-02
    1.3829567806454587e+01 4.8985515513953182e+00 4.2043239690449069e-02
    1.3807512489841843e+01 4.8833414318869632e+00 4.2085566778759867e-02
    1.3809909649016163e+01 4.8897604703108222e+00 4.2156142130504885e-02
    1.3787127917665158e+01 4.8700813539364685e+00 4.2073895068719745e-02
    1.3794318253642789e+01 4.8925314034537877e+00 4.2092643074631370e-02
    1.3835280218040451e+01 4.9566636314604056e+00 4.2255310137669047e-02
    1.3865378710181998e+01 5.0124135702962080e+00 4.2388576421178145e-02
    1.3880907493317249e+01 5.0466442296203695e+00 4.2467548374984114e-02</data></Tangencial_Distortion>
<ROI type_id="opencv-matrix">
  <rows>4</rows>
  <cols>1</cols>
  <dt>d</dt>
  <data>
    0. 0. 611. 452.</data></ROI>
</opencv_storage>
