<?xml version="1.0"?>
<opencv_storage>
<Ret>1.2444518326202657e+02</Ret>
<Original_Matrix type_id="opencv-matrix">
  <rows>3</rows>
  <cols>3</cols>
  <dt>d</dt>
  <data>
    1. 0. -1.9925136326446632e-26 0. 1. -1.1436766068986666e-26 0. 0. 1.</data></Original_Matrix>
<Optimized_Matrix type_id="opencv-matrix">
  <rows>3</rows>
  <cols>3</cols>
  <dt>d</dt>
  <data>
    1.0100129842758179e+00 0. -2.0124646645611446e-26 0.
    9.9785429239273071e-01 -1.1412226010829236e-26 0. 0. 1.</data></Optimized_Matrix>
<Distortion type_id="opencv-matrix">
  <rows>1</rows>
  <cols>5</cols>
  <dt>d</dt>
  <data>
    -1.4248498032809535e-18 -1.7905604449306344e-13
    -5.3403874657133159e-21 -9.7624387681861928e-21
    6.0062748215360972e-19</data></Distortion>
<Radial_Distortion type_id="opencv-matrix">
  <rows>20</rows>
  <cols>3</cols>
  <dt>d</dt>
  <data>
    -1.7594086831335528e-03 -2.2623993129755435e-03
    6.7061086061010500e-01 -1.7666235099551087e-03
    -2.2658274042318205e-03 6.7140636610582383e-01
    -1.7719268779334530e-03 -2.2647062879198620e-03
    6.7050114073909572e-01 -1.7735152415886460e-03
    -2.2668522367512026e-03 6.7046571334647620e-01
    -1.7752483249624319e-03 -2.2670654892246031e-03
    6.7026054182895589e-01 -1.7791416465655656e-03
    -2.2690648773165262e-03 6.7034695329200300e-01
    -1.7866288529170442e-03 -2.2721080188044572e-03
    6.7089977536994805e-01 -1.7892620373209692e-03
    -2.2727279329870348e-03 6.7134999149423502e-01
    -1.7856597412415085e-03 -2.2715465239239252e-03
    6.7131311578758424e-01 -1.7876300593859370e-03
    -2.2722595207866621e-03 6.7197034945397272e-01
    -1.7930321302110045e-03 -2.2726208365868978e-03
    6.7288935959550011e-01 -1.7916206957941236e-03
    -2.2725232197033838e-03 6.7330958415845499e-01
    -1.7835315228328175e-03 -2.2714592407556689e-03
    6.7307689446850449e-01 -1.7879651511410889e-03
    -2.2702782591487408e-03 6.7253395649333547e-01
    -1.7941397398121563e-03 -2.2712369862095748e-03
    6.7228361104193735e-01 -1.7860087059340126e-03
    -2.2681677567675008e-03 6.7149277869920931e-01
    -1.7800974902505706e-03 -2.2663771878787820e-03
    6.7109886233146687e-01 -1.7837998010822665e-03
    -2.2693240842006986e-03 6.7236862816515819e-01
    -1.7893185315889881e-03 -2.2698723608017908e-03
    6.7246306310561743e-01 -1.7898307785310338e-03
    -2.2703052929456944e-03 6.7231468442108466e-01</data></Radial_Distortion>
<Tangencial_Distortion type_id="opencv-matrix">
  <rows>20</rows>
  <cols>3</cols>
  <dt>d</dt>
  <data>
    1.3908581976123816e+01 5.0373105506910543e+00 4.2050176433291835e-02
    1.3912727482198273e+01 5.0602849381982926e+00 4.2143832189882026e-02
    1.3917382903284699e+01 5.0721396396512111e+00 4.2226518894059172e-02
    1.3912992056603148e+01 5.0632837970384843e+00 4.2240649539394555e-02
    1.3903340964568558e+01 5.0584094522598795e+00 4.2252582101794771e-02
    1.3892524121966074e+01 5.0607429661844794e+00 4.2281692807736297e-02
    1.3906884494600515e+01 5.0868307671712349e+00 4.2383464630601650e-02
    1.3921966886295937e+01 5.0972377400752800e+00 4.2428378779771923e-02
    1.3914876577210466e+01 5.0920128482204561e+00 4.2374312298509242e-02
    1.3925846607793238e+01 5.1124598098896215e+00 4.2402136853258707e-02
    1.3948796654411675e+01 5.1449220757459972e+00 4.2479845917162647e-02
    1.3953801567291892e+01 5.1483719622985857e+00 4.2467838807874067e-02
    1.3924308216069115e+01 5.1200920655810220e+00 4.2337615004243490e-02
    1.3931676519392912e+01 5.1363005615061965e+00 4.2397423084856771e-02
    1.3953395498567650e+01 5.1513873889198054e+00 4.2487391425324809e-02
    1.3931189747268940e+01 5.1196081650406420e+00 4.2373012097952974e-02
    1.3901871097022969e+01 5.1011885145647575e+00 4.2269696868022219e-02
    1.3907314144211623e+01 5.1188455688819969e+00 4.2316624692592425e-02
    1.3926427350621644e+01 5.1437780721675157e+00 4.2416118004654231e-02
    1.3930428931753166e+01 5.1433508168630482e+00 4.2434674303971721e-02</data></Tangencial_Distortion>
<ROI type_id="opencv-matrix">
  <rows>4</rows>
  <cols>1</cols>
  <dt>d</dt>
  <data>
    0. 0. 612. 454.</data></ROI>
</opencv_storage>
