<?xml version="1.0"?>
<opencv_storage>
<Ret>1.2439425150759826e+02</Ret>
<Original_Matrix type_id="opencv-matrix">
  <rows>3</rows>
  <cols>3</cols>
  <dt>d</dt>
  <data>
    1. 0. -1.9844113210934123e-26 0. 1. -1.1416329315277830e-26 0. 0. 1.</data></Original_Matrix>
<Optimized_Matrix type_id="opencv-matrix">
  <rows>3</rows>
  <cols>3</cols>
  <dt>d</dt>
  <data>
    1.0099017620086670e+00 0. -2.0040605152883784e-26 0.
    9.9788802862167358e-01 -1.1392218577509012e-26 0. 0. 1.</data></Optimized_Matrix>
<Distortion type_id="opencv-matrix">
  <rows>1</rows>
  <cols>5</cols>
  <dt>d</dt>
  <data>
    -1.4102702668984217e-18 -1.7651331094022978e-13
    -5.3102268227322497e-21 -9.6738599483684676e-21
    5.9237758643897901e-19</data></Distortion>
<Radial_Distortion type_id="opencv-matrix">
  <rows>20</rows>
  <cols>3</cols>
  <dt>d</dt>
  <data>
    -1.7871977749961440e-03 -2.2662610806256484e-03
    6.7025510484808848e-01 -1.7852690611440607e-03
    -2.2668678414289440e-03 6.7045864705113190e-01
    -1.7842430332823326e-03 -2.2682510975599438e-03
    6.7071854313945556e-01 -1.7891460645633396e-03
    -2.2708861079906791e-03 6.7151038527837736e-01
    -1.7930938048398054e-03 -2.2739389591094916e-03
    6.7225108148338464e-01 -1.7989527533400014e-03
    -2.2763830546235829e-03 6.7278935972706055e-01
    -1.8077544418714992e-03 -2.2777219147257417e-03
    6.7181225027043023e-01 -1.8152330461895108e-03
    -2.2788815222359090e-03 6.7115039600075821e-01
    -1.8183895765670176e-03 -2.2789780511404366e-03
    6.7041731369552482e-01 -1.8171973759298133e-03
    -2.2792041491811648e-03 6.7028893446755877e-01
    -1.8147523640300023e-03 -2.2795819186484292e-03
    6.6959295146639997e-01 -1.8142974139068314e-03
    -2.2796478756843546e-03 6.6884628338349894e-01
    -1.8161899856958261e-03 -2.2798122015464332e-03
    6.6868775174512152e-01 -1.8174661663407773e-03
    -2.2800713967494743e-03 6.6872717857006647e-01
    -1.8149079672415862e-03 -2.2802014341389608e-03
    6.6918446073424709e-01 -1.8141060194380569e-03
    -2.2794228708747266e-03 6.6937370575729305e-01
    -1.8070569429391591e-03 -2.2779945637157418e-03
    6.6923319786971935e-01 -1.8061425798870684e-03
    -2.2762970126611170e-03 6.6949614677913938e-01
    -1.8107536124681535e-03 -2.2749008379481291e-03
    6.6898468381544041e-01 -1.8095090244010302e-03
    -2.2746630238018044e-03 6.6863139089490675e-01</data></Radial_Distortion>
<Tangencial_Distortion type_id="opencv-matrix">
  <rows>20</rows>
  <cols>3</cols>
  <dt>d</dt>
  <data>
    1.3951047058729149e+01 5.1239866562883147e+00 4.2430542463051092e-02
    1.3945710484577605e+01 5.1090622062737161e+00 4.2399382137933456e-02
    1.3932964972725546e+01 5.1039772032638790e+00 4.2366399648373937e-02
    1.3942755289117642e+01 5.1245869324942106e+00 4.2437182539614676e-02
    1.3942530804407378e+01 5.1365870332986283e+00 4.2481899598795836e-02
    1.3946685527841977e+01 5.1461717103395914e+00 4.2553156176411026e-02
    1.3952548935939951e+01 5.1606502043952300e+00 4.2657971640996592e-02
    1.3961085263380987e+01 5.1685200605447497e+00 4.2747150410480175e-02
    1.3955861999140389e+01 5.1567225364955576e+00 4.2766775846510917e-02
    1.3940479599493255e+01 5.1331745293651272e+00 4.2723116239204939e-02
    1.3918655938143106e+01 5.1067356659955339e+00 4.2659877246989136e-02
    1.3916396002609643e+01 5.0955048543645951e+00 4.2661092875822856e-02
    1.3922988883109642e+01 5.0956154519859593e+00 4.2692590018079006e-02
    1.3935028163892815e+01 5.1055725274871699e+00 4.2722775593487299e-02
    1.3938283759266357e+01 5.1057921220100981e+00 4.2697892923117577e-02
    1.3954449839099194e+01 5.1129444127791119e+00 4.2705697210311602e-02
    1.3949238984233881e+01 5.0960722759142012e+00 4.2614919906074029e-02
    1.3954691865631176e+01 5.0993739930732680e+00 4.2601462489713533e-02
    1.3975743259087645e+01 5.1171379692566115e+00 4.2674312605453554e-02
    1.3974713225754750e+01 5.1109350708912498e+00 4.2651567291477489e-02</data></Tangencial_Distortion>
<ROI type_id="opencv-matrix">
  <rows>4</rows>
  <cols>1</cols>
  <dt>d</dt>
  <data>
    0. 0. 612. 454.</data></ROI>
</opencv_storage>
