<?xml version="1.0"?>
<opencv_storage>
<Ret>1.2474676243272306e+02</Ret>
<Original_Matrix type_id="opencv-matrix">
  <rows>3</rows>
  <cols>3</cols>
  <dt>d</dt>
  <data>
    1. 0. -2.5086348812060462e-26 0. 1. -1.3612063577545312e-26 0. 0. 1.</data></Original_Matrix>
<Optimized_Matrix type_id="opencv-matrix">
  <rows>3</rows>
  <cols>3</cols>
  <dt>d</dt>
  <data>
    1.0128589868545532e+00 0. -2.5408933426366188e-26 0.
    9.9759119749069214e-01 -1.3579274237503793e-26 0. 0. 1.</data></Optimized_Matrix>
<Distortion type_id="opencv-matrix">
  <rows>1</rows>
  <cols>5</cols>
  <dt>d</dt>
  <data>
    -1.7509811069055542e-18 -2.1828167314568118e-13
    -6.2889579930071019e-21 -1.2205888355373676e-20
    7.4872549834136678e-19</data></Distortion>
<Radial_Distortion type_id="opencv-matrix">
  <rows>20</rows>
  <cols>3</cols>
  <dt>d</dt>
  <data>
    -1.7415365000471817e-03 -2.2663104367485823e-03
    6.5332263325309081e-01 -1.7531629983268003e-03
    -2.2692451157348809e-03 6.5389059870064925e-01
    -1.7624753280232623e-03 -2.2688822944698312e-03
    6.5408701190357421e-01 -1.7752916601847283e-03
    -2.2711358998618093e-03 6.5505949630293248e-01
    -1.7769127899088881e-03 -2.2724608318330508e-03
    6.5567768538731519e-01 -1.7730954983458573e-03
    -2.2699514684532823e-03 6.5603764505208051e-01
    -1.7807222084353245e-03 -2.2697770611549064e-03
    6.5656410651658492e-01 -1.7744377512290896e-03
    -2.2665480523670518e-03 6.5743747958324361e-01
    -1.7680462660431277e-03 -2.2647717974459938e-03
    6.5905564426077257e-01 -1.7671564405195874e-03
    -2.2639185171564793e-03 6.6117397295656199e-01
    -1.7524806867703193e-03 -2.2596873041790216e-03
    6.6138212106903083e-01 -1.7388070707882682e-03
    -2.2542360501125662e-03 6.6119406332668185e-01
    -1.7329446644114858e-03 -2.2514247703805034e-03
    6.6096601920871700e-01 -1.7308695176691436e-03
    -2.2462273499346042e-03 6.6031812104832321e-01
    -1.7285077847497222e-03 -2.2406755206650295e-03
    6.5871676263661993e-01 -1.7136885492945531e-03
    -2.2335366072184968e-03 6.5741842030577335e-01
    -1.6908617583846987e-03 -2.2256442612969933e-03
    6.5527771964097370e-01 -1.6799469340816270e-03
    -2.2194851481024376e-03 6.5394752232045528e-01
    -1.6733443419257056e-03 -2.2147435412621782e-03
    6.5297273249327237e-01 -1.6579615607191806e-03
    -2.2148564862812742e-03 6.5318743687071124e-01</data></Radial_Distortion>
<Tangencial_Distortion type_id="opencv-matrix">
  <rows>20</rows>
  <cols>3</cols>
  <dt>d</dt>
  <data>
    1.3628377558047243e+01 4.4172888366833645e+00 4.1238033504404296e-02
    1.3614977562843750e+01 4.4534524531228561e+00 4.1345900226457996e-02
    1.3599912688781645e+01 4.4859084402021683e+00 4.1430175627859091e-02
    1.3606538598629987e+01 4.5258509322308953e+00 4.1554546515376059e-02
    1.3606514711047856e+01 4.5415685087228201e+00 4.1574652919393502e-02
    1.3592693159588585e+01 4.5409266582328129e+00 4.1518217101490604e-02
    1.3635620437935383e+01 4.5931993721620969e+00 4.1658130814724040e-02
    1.3647193767917633e+01 4.6088157056305130e+00 4.1607687405206734e-02
    1.3661054063580099e+01 4.6350154506842260e+00 4.1547250592078228e-02
    1.3709010498670533e+01 4.6811690685124487e+00 4.1602906015808037e-02
    1.3710969804640522e+01 4.6717864716070086e+00 4.1461102089260446e-02
    1.3707200265632174e+01 4.6504579279990912e+00 4.1306067364779424e-02
    1.3734592415595797e+01 4.6554044077497343e+00 4.1272944995865112e-02
    1.3768065872675892e+01 4.6672761179731399e+00 4.1281099537217529e-02
    1.3815935643231924e+01 4.6818989694015070e+00 4.1310321185483896e-02
    1.3829577071982618e+01 4.6396108152354261e+00 4.1151747591748340e-02
    1.3814656723612433e+01 4.5745557624078126e+00 4.0890283557276481e-02
    1.3835384012471641e+01 4.5562141345163818e+00 4.0812530392860619e-02
    1.3870925879380369e+01 4.5546791664562098e+00 4.0815806879346411e-02
    1.3858052013225654e+01 4.5149592069529447e+00 4.0660244249682814e-02</data></Tangencial_Distortion>
<ROI type_id="opencv-matrix">
  <rows>4</rows>
  <cols>1</cols>
  <dt>d</dt>
  <data>
    0. 0. 607. 449.</data></ROI>
</opencv_storage>
