<?xml version="1.0"?>
<opencv_storage>
<Ret>1.0966189921932705e+02</Ret>
<Original_Matrix type_id="opencv-matrix">
  <rows>3</rows>
  <cols>3</cols>
  <dt>d</dt>
  <data>
    1. 0. -1.1439815282022999e-25 0. 1. -4.6448219902720766e-26 0. 0. 1.</data></Original_Matrix>
<Optimized_Matrix type_id="opencv-matrix">
  <rows>3</rows>
  <cols>3</cols>
  <dt>d</dt>
  <data>
    1.0515619516372681e+00 0. -1.2029674777776935e-25 0.
    1.0013935565948486e+00 -4.6512947685113625e-26 0. 0. 1.</data></Optimized_Matrix>
<Distortion type_id="opencv-matrix">
  <rows>1</rows>
  <cols>5</cols>
  <dt>d</dt>
  <data>
    -5.3835487350147377e-18 -5.3005821055782389e-13
    -1.6451977206710069e-20 -4.4675248406021151e-20
    2.4219167902184945e-18</data></Distortion>
<Radial_Distortion type_id="opencv-matrix">
  <rows>20</rows>
  <cols>3</cols>
  <dt>d</dt>
  <data>
    -1.3364861319873115e-03 -2.3344820635061731e-03
    5.7247311124658573e-01 -1.3559932915209907e-03
    -2.3418001199117400e-03 5.7530286137212217e-01
    -1.3802272796813676e-03 -2.3474246222894434e-03
    5.7824355270529149e-01 -1.3998416587754042e-03
    -2.3541137142440200e-03 5.7979755682303669e-01
    -1.4128492067147494e-03 -2.3596128390057985e-03
    5.8233561424535440e-01 -1.4377005014968864e-03
    -2.3646260224928109e-03 5.8466116713310989e-01
    -1.4880064895618278e-03 -2.3749122235605601e-03
    5.8843937286752501e-01 -1.5242235008533171e-03
    -2.3839339821088087e-03 5.9148477333774430e-01
    -1.5632855924396236e-03 -2.3933298607054726e-03
    5.9460861816713606e-01 -1.6171035055760564e-03
    -2.4027187427523205e-03 5.9784313496069008e-01
    -1.6629942133765414e-03 -2.4109688098485631e-03
    6.0124606729926477e-01 -1.7505353071329232e-03
    -2.4319756639689062e-03 6.0782120061956757e-01
    -1.7903698952590980e-03 -2.4415176428009304e-03
    6.1015300730324962e-01 -1.8340338733850449e-03
    -2.4516207990536542e-03 6.1292429908803658e-01
    -1.9264916420607227e-03 -2.4667612544213755e-03
    6.1676177079942063e-01 -1.9357761462097754e-03
    -2.4636177157408173e-03 6.1665998883926587e-01
    -1.9300303278439867e-03 -2.4528467768092917e-03
    6.1454314816462674e-01 -1.9167513909630065e-03
    -2.4419197243333197e-03 6.1266377027418195e-01
    -1.8698249152757686e-03 -2.4225756842019925e-03
    6.0814211098678783e-01 -1.8519283928321512e-03
    -2.4160808961236069e-03 6.0694269902972953e-01</data></Radial_Distortion>
<Tangencial_Distortion type_id="opencv-matrix">
  <rows>20</rows>
  <cols>3</cols>
  <dt>d</dt>
  <data>
    1.2723090179094546e+01 1.9392868947854947e+00 3.8043674568209111e-02
    1.2743558237854831e+01 2.0021715250355943e+00 3.8273505661697155e-02
    1.2766150095694227e+01 2.0720652956429513e+00 3.8538306225615812e-02
    1.2783347548796970e+01 2.1325104544468081e+00 3.8767197071247990e-02
    1.2768952709341766e+01 2.1620704797860157e+00 3.8845649276324196e-02
    1.2776082409226207e+01 2.2370506930163310e+00 3.9061900287234309e-02
    1.2890882908155382e+01 2.4114622332958655e+00 3.9726449609098456e-02
    1.2977557561407250e+01 2.5322907170449112e+00 4.0242269790642930e-02
    1.3047880517671357e+01 2.6549449249640569e+00 4.0728349025483834e-02
    1.3169159458635054e+01 2.8329357780962221e+00 4.1461786954993800e-02
    1.3297755087179738e+01 3.0008824400231280e+00 4.2174554034825555e-02
    1.3500883976412124e+01 3.3093761861264825e+00 4.3436549329721089e-02
    1.3594945217917822e+01 3.4492544405113894e+00 4.4027124927193753e-02
    1.3692489013413722e+01 3.5940277630205286e+00 4.4643963274098232e-02
    1.3930255342958413e+01 3.8935337265499981e+00 4.5981963993801583e-02
    1.3951208190443866e+01 3.9129758888916912e+00 4.5983720495056536e-02
    1.3968832775132290e+01 3.9048577896952961e+00 4.5885264803405011e-02
    1.3968089575348612e+01 3.8686422805084089e+00 4.5659926036040764e-02
    1.3878172035052321e+01 3.7052063186408102e+00 4.4895141876876224e-02
    1.3824552526052674e+01 3.6302115181300940e+00 4.4590776442520588e-02</data></Tangencial_Distortion>
<ROI type_id="opencv-matrix">
  <rows>4</rows>
  <cols>1</cols>
  <dt>d</dt>
  <data>
    0. 0. 510. 365.</data></ROI>
</opencv_storage>
