<?xml version="1.0"?>
<opencv_storage>
<Ret>1.2205550937107269e+02</Ret>
<Original_Matrix type_id="opencv-matrix">
  <rows>3</rows>
  <cols>3</cols>
  <dt>d</dt>
  <data>
    1. 0. -1.6662868764127991e-25 0. 1. -7.5456479939766207e-26 0. 0. 1.</data></Original_Matrix>
<Optimized_Matrix type_id="opencv-matrix">
  <rows>3</rows>
  <cols>3</cols>
  <dt>d</dt>
  <data>
    1.0628259181976318e+00 0. -1.7709728561067810e-25 0.
    1.0001745223999023e+00 -7.5469649604908110e-26 0. 0. 1.</data></Optimized_Matrix>
<Distortion type_id="opencv-matrix">
  <rows>1</rows>
  <cols>5</cols>
  <dt>d</dt>
  <data>
    -7.7708848482140980e-18 -7.6388909541575856e-13
    -2.7330867418171493e-20 -6.2978012823599255e-20
    3.3309353142854156e-18</data></Distortion>
<Radial_Distortion type_id="opencv-matrix">
  <rows>20</rows>
  <cols>3</cols>
  <dt>d</dt>
  <data>
    -1.9792450637547035e-03 -2.4475568408823391e-03
    5.8596161616485043e-01 -1.9800710338932731e-03
    -2.4463383720523314e-03 5.8631798931000267e-01
    -1.9847322486872625e-03 -2.4500216099371305e-03
    5.8761310734361094e-01 -1.9886463354618876e-03
    -2.4485710347906899e-03 5.8785035443133327e-01
    -1.9931763195926541e-03 -2.4495145163485822e-03
    5.8808727770575286e-01 -1.9954927480773854e-03
    -2.4483414627422362e-03 5.8730914108182064e-01
    -1.9989576712525509e-03 -2.4471199078296363e-03
    5.8750623055527373e-01 -2.0023933497624784e-03
    -2.4466397246910936e-03 5.8725633259018384e-01
    -2.0093231345602804e-03 -2.4479266278308177e-03
    5.8779636394272916e-01 -2.0102267154310043e-03
    -2.4495676981654310e-03 5.8828363212226487e-01
    -2.0122012733438076e-03 -2.4507733785642132e-03
    5.8929214589979673e-01 -2.0188900945493971e-03
    -2.4510801647030550e-03 5.8958410871667433e-01
    -2.0268820420628270e-03 -2.4503614798609633e-03
    5.8989123651089237e-01 -2.0305380019789883e-03
    -2.4506026944232373e-03 5.8984772114063722e-01
    -2.0341925863725662e-03 -2.4504781343827105e-03
    5.8983613002150082e-01 -2.0318679680729067e-03
    -2.4507208763814522e-03 5.8963902654818001e-01
    -2.0342375183279213e-03 -2.4507112747305451e-03
    5.8953448865052160e-01 -2.0337842882197903e-03
    -2.4496500963394454e-03 5.8932818429162270e-01
    -2.0339955052848823e-03 -2.4508872429790823e-03
    5.8960048287032851e-01 -2.0321958577856104e-03
    -2.4507665645644356e-03 5.8951989169170949e-01</data></Radial_Distortion>
<Tangencial_Distortion type_id="opencv-matrix">
  <rows>20</rows>
  <cols>3</cols>
  <dt>d</dt>
  <data>
    1.2224493557839528e+01 2.3362425450369710e+00 4.1583252600352089e-02
    1.2228275119068199e+01 2.3432755735412272e+00 4.1608280274620130e-02
    1.2256630543791809e+01 2.3654942949967781e+00 4.1707044848018328e-02
    1.2272240469426398e+01 2.3810667787789184e+00 4.1765705921752889e-02
    1.2286474194000855e+01 2.3961507504796353e+00 4.1819106582263822e-02
    1.2285159904305086e+01 2.4027743668937447e+00 4.1830261115454542e-02
    1.2305332878294429e+01 2.4209870646386387e+00 4.1892895590210519e-02
    1.2322580429525908e+01 2.4407724174134255e+00 4.1959180884188756e-02
    1.2346079550999352e+01 2.4663548952629459e+00 4.2060205887200164e-02
    1.2353064286693664e+01 2.4811935458903451e+00 4.2086993872141217e-02
    1.2347644761442744e+01 2.4893441207987776e+00 4.2093686743690378e-02
    1.2349352141689712e+01 2.5053198436296431e+00 4.2146292507234874e-02
    1.2354536715654104e+01 2.5260141857002991e+00 4.2210993653896356e-02
    1.2370664671172307e+01 2.5524583411031694e+00 4.2288079292477306e-02
    1.2376506530696032e+01 2.5628007650491624e+00 4.2334279134500816e-02
    1.2374915478273531e+01 2.5653563336600378e+00 4.2329492981410415e-02
    1.2379725614619561e+01 2.5696870016682514e+00 4.2356065634898611e-02
    1.2378513584321105e+01 2.5727322825966570e+00 4.2355599636828278e-02
    1.2382757978111076e+01 2.5760578520050874e+00 4.2364198715658351e-02
    1.2380322362647608e+01 2.5740569116268568e+00 4.2341281196103524e-02</data></Tangencial_Distortion>
<ROI type_id="opencv-matrix">
  <rows>4</rows>
  <cols>1</cols>
  <dt>d</dt>
  <data>
    0. 0. 448. 316.</data></ROI>
</opencv_storage>
